8
40
25.0
6
2
3
9
9
1
0
3
5
1
2
0
8
5
5
3
9
7
4
0
8
8
1
5
2
2
7
1
9
4
9
4
5
2
7
7
7
9
2
0
2
7
6
8
9
2
7
1
1
1
2
7
1
9
0
6
8
6
8
2
6
4
0
6
0
8
4
3
1
8
9
8
2
7
2
5
0
0
9
0
6
0
2
2
2
4
7
8
5
2
7
2
0
1
8
5
5
5
7
6
5
6
4
5
3
2
8
1
1
2
3
5
3
8
9
5
5
0
2
8
4
7
5
3
9
4
1
4
9
6
0
2
4
8
5
2
6
6
0
0
4
5
5
1
8
3
7
8
8
0
8
1
8
7
8
6
3
6
1
1
3
8
7
7
5
6
6
5
7
9
5
3
9
1
7
7
2
2
2
3
1
6
8
5
2
4
6
3
6
4
1
5
1
6
8
8
2
6
2
6
7
1
9
6
0
5
3
5
1
8
1
7
3
1
4
3
9
5
1
8
6
1
8
9
1
4
0
3
8
0
0
1
4
8
9
9
7
4
4
8
8
1
4
8
5
2
9
4
6
6
25
37
16
19
11
32
15
28
23
28
21
26
31
19
32
30
19
38
27
34
17
22
33
37
19
37
30
21
31
26
38
15
25
26
38
38
37
17
24
22
31
13
29
33
35
34
23
25
15
11
14
38
17
29
15
14
32
29
19
19
18
36
38
27
26
24
35
24
27
18
24
11
37
33
12
11
30
17
37
24
30
19
17
38
36
33
17
12
20
25
33
13
29
37
35
11
20
31
18
18
12
11
27
32
37
26
22
27
31
24
27
21
12
15
13
13
14
27
17
17
24
18
12
24
33
21
18
17
34
32
15
30
37
11
20
25
14
38
19
30
31
37
12
26
24
21
24
15
28
14
37
20
28
14
28
27
21
19
31
30
22
25
13
16
28
31
23
18
25
28
35
31
36
14
13
16
15
11
35
36
25
36
21
32
11
11
29
19
29
28
13
14
18
12
18
23
19
19
29
23
22
12
22
38
12
23
14
15
13
28
23
14
33
23
18
19
22
32
22
27
14
35
12
13
23
28
13
27
25
34
18
12
33
27
32
16
38
22
13
27
30
32
22
22
32
11
31
23
29
17
13
28
18
25
25
31
12
33
30
33
31
25
33
21
17
19
33
32
35
33
33
36
17
11
25
14
23
17
13
21
12
18
25
28
15
22
32
16
19
31
29
32
27
27
15
34
31
26
25
11
29
28
24
14
24
21
21
37
17
13
19
29
23
23
11
14
33
13
12
20
14
11
26
21
12
22
15
22
27
19
24
20
22
16
34
17
29
31
16
28
22
35
22
11
29
36
37
32
18
16
38
23
38
11
21
14
34
15
30
35
13
34
22
11
22
25
20
32
29
31
20
34
30
26
30
15
19
34
20
38
36
36
17
16
22
33
30
14
34
13
19
11
29
11
15
33
23
15
26
25
35
27
11
28
22
35
22
21
37
28
24
24
35
12
18
37
16
16
37
35
15
38
23
36
34
30
27
25
15
33
27
18
25
30
27
37
29
33
15
29
35
29
29
27
21
38
33
24
30
12
26
13
21
31
25
36
37
28
18
36
13
36
27
28
17
16
30
21
23
38
16
11
37
28
23
26
16
38
24
18
33
33
37
20
29
36
38
12
22
19
20
13
22
24
12
20
36
34
18
29
21
19
21
30
22
38
22
34
23
38
26
31
25
32
26
25
33
36
30
36
17
25
18
32
16
20
35
32
22
26
13
20
34
23
19
16
27
32
31
34
22
36
29
24
18
19
13
12
27
23
31
32
17
37
38
34
37
37
14
13
22
34
29
19
18
20
14
35
20
35
20
11
34
24
37
35
15
12
22
31
19
31
28
24
32
11
13
34
37
26
33
23
38
20
25
29
38
11
13
33
37
33
30
36
22
20
11
12
22
22
29
25
19
30
19
12
24
11
12
13
18
20
15
38
20
22
21
26
12
31
17
32
37
20
30
21
34
34
27
21
13
33
27
15
17
25
12
11
17
18
33
34
38
15
33
33
25
35
24
27
30
33
21
33
13
31
18
15
34
26
36
17
24
37
38
35
24
15
25
23
17
22
29
34
12
27
11
30
24
19
36
11
28
37
14
28
21
26
31
13
31
30
34
12
21
18
15
25
29
25
35
26
18
21
33
32
36
15
27
12
27
27
28
30
12
23
20
17
29
13
34
36
20
24
18
33
22
36
23
31
26
15
20
26
14
34
31
12
11
15