16
40
25.0
4
4
5
1
6
3
2
2
5
9
4
4
0
5
4
9
1
1
4
4
8
6
2
4
6
4
9
5
5
8
9
6
7
9
0
9
1
0
2
4
7
5
4
2
9
7
0
0
5
3
1
1
0
2
2
4
5
5
3
8
5
6
8
5
0
3
9
6
0
8
5
9
1
4
2
1
7
2
8
4
6
5
0
9
0
5
9
4
5
6
9
4
2
8
3
2
7
4
2
5
0
3
4
1
1
2
7
5
3
2
5
6
1
1
9
7
9
0
8
5
1
1
7
1
3
5
6
6
1
3
1
7
9
8
7
7
2
3
0
4
5
2
9
3
3
1
2
1
5
5
2
2
1
4
4
2
4
0
5
7
7
8
5
1
6
2
6
8
2
3
1
9
7
7
6
4
3
3
8
1
3
6
9
1
9
1
7
4
5
7
6
2
2
7
6
8
0
0
5
3
0
2
8
2
5
4
8
8
3
9
7
0
5
4
9
1
6
6
5
6
8
7
6
4
3
9
0
4
1
3
4
8
1
7
8
4
3
9
3
5
4
4
2
8
5
9
5
5
2
8
12
12
12
30
35
17
16
13
33
32
38
38
14
19
15
25
26
22
28
24
12
11
21
13
14
24
24
16
27
30
19
24
17
11
30
33
32
35
26
19
21
34
13
26
12
21
11
22
12
24
12
35
32
37
13
30
31
24
26
30
33
35
29
38
34
37
24
12
21
26
29
16
33
37
19
15
20
15
29
31
31
12
23
11
22
12
21
36
23
20
24
12
35
38
20
34
34
31
24
27
14
29
18
16
34
14
30
26
28
28
30
19
13
34
32
30
31
19
32
31
14
30
38
17
16
35
32
29
30
14
37
27
15
18
20
19
23
16
28
34
22
25
22
24
25
34
33
20
22
12
31
35
27
36
36
13
36
33
20
17
18
24
22
15
20
14
36
29
26
30
31
32
13
18
31
25
18
28
17
20
23
32
21
11
27
17
30
33
27
13
29
15
33
35
17
12
34
13
29
21
17
34
21
19
30
14
12
25
33
28
16
14
31
18
14
29
22
33
36
32
26
35
38
27
29
34
13
29
12
18
36
13
13
28
29
15
32
26
19
29
37
23
13
15
24
12
24
31
12
16
35
30
28
30
20
20
32
29
14
19
27
26
25
15
21
38
18
32
11
38
16
18
20
16
30
14
20
34
16
11
29
35
37
12
37
31
30
20
27
21
36
12
37
20
15
29
35
21
26
28
35
25
28
30
36
19
34
16
35
34
17
27
32
36
15
25
30
26
29
22
29
20
23
35
12
21
26
29
25
38
24
36
13
12
15
30
38
20
25
20
35
22
17
28
30
33
17
38
17
38
36
25
12
24
22
33
32
21
20
28
28
12
16
14
24
35
32
26
18
15
23
30
18
38
16
34
15
13
12
30
33
32
16
35
26
32
19
32
31
11
22
26
24
23
30
17
20
33
16
26
12
24
24
27
19
23
23
33
11
20
38
38
19
12
28
34
36
11
29
24
31
21
18
27
29
35
38
22
26
23
34
22
11
16
24
18
27
37
29
37
25
22
16
33
33
17
25
15
18
32
32
16
27
12
24
23
22
24
27
36
36
32
26
33
25
37
31
16
24
32
31
38
19
27
19
35
37
12
15
18
24
32
24
24
15
11
31
14
32
18
11
16
20
34
34
17
28
13
21
12
36
27
25
28
15
28
13
21
18
24
20
31
25
28
30
21
16
32
24
31
23
18
37
33
34
18
19
16
28
23
34
26
11
11
26
30
34
12
24
14
25
35
23
38
18
33
16
34
25
12
38
24
27
27
21
11
12
31
32
16
11
31
38
19
31
28
26
38
35
34
30
22
28
34
38
19
19
30
27
31
26
30
38
15
31
37
27
19
12
19
31
23
15
26
13
30
38
25
14
30
16
36
13
26
14
16
38
22
32
22
19
29
16
23
15
38
13
28
11
12
21
19
32
38
17
38
16
32
27
11
26
12
19
37
27
26
23
35
22
31
32
15
12
12
13
23
30
35
31
12
29
34
16
19
32
38
21
33
33
20
31
17
25
26
17
26
22
32
28
24
22
33
17
33
34
18
16
33
31
23
30
25
38
34
16
30
30
33
31
25
29
30
32
17
12
21
14
21
29
27
20
14
28
18
25
38
22
14
34
22
36
34
29
36
24
16
17
16
27
24
11
28
36
23
20
28
30
33
13
32
35
16
31
19
17
24
29
15
18
29
12
38
12
28
38
23
28
18
27
23