8
100
75.0
4
17
1
15
7
8
6
17
22
20
12
8
16
13
4
2
15
23
22
23
12
22
2
18
4
18
5
1
19
15
23
13
16
12
10
1
5
12
9
16
23
1
0
18
12
8
10
23
21
18
14
9
20
10
14
20
8
10
24
19
12
1
6
9
4
14
6
20
15
11
1
13
9
2
19
3
24
7
1
11
6
14
16
13
6
20
7
20
8
17
1
20
17
7
0
18
5
15
16
24
16
22
5
9
20
15
19
18
6
8
9
2
6
21
9
18
18
16
13
21
14
18
18
21
7
2
6
15
7
7
18
19
19
24
14
23
2
15
8
13
4
4
22
10
2
22
19
22
1
16
17
11
23
17
15
20
12
18
1
12
11
22
22
7
20
2
10
24
0
19
15
11
3
3
10
9
1
22
22
1
14
19
19
13
16
14
12
17
23
5
24
9
17
12
12
15
5
4
4
22
18
21
9
8
16
0
14
8
3
8
10
7
1
15
23
9
22
0
18
20
0
23
3
5
14
22
5
22
11
13
15
21
2
23
3
9
20
22
19
15
0
12
6
18
18
10
20
13
15
3
22
20
4
9
2
8
24
17
3
5
10
4
10
6
2
9
14
1
6
17
23
16
6
6
15
0
6
4
23
4
0
9
12
21
22
3
7
18
5
22
19
16
5
3
1
5
10
16
7
4
0
10
12
15
2
15
14
5
1
13
2
9
12
9
7
8
16
12
18
17
9
8
24
15
24
16
4
10
24
12
6
18
22
8
5
16
7
14
24
0
23
12
13
14
7
22
16
16
19
18
14
11
13
22
10
17
19
20
19
20
23
20
14
0
7
3
5
23
15
10
10
14
13
7
11
5
13
24
23
14
15
4
2
9
11
7
9
18
12
19
8
19
18
5
0
24
15
14
2
13
23
13
21
18
18
9
7
17
12
14
24
5
8
17
5
8
10
8
4
0
23
17
21
3
15
19
19
8
6
13
0
18
15
18
5
24
7
4
13
5
17
24
11
1
11
1
1
22
4
8
23
19
1
1
8
16
3
7
10
11
12
0
16
13
13
19
24
16
14
14
7
11
20
18
2
1
3
5
17
7
9
4
23
11
19
19
22
3
9
20
15
5
2
1
17
9
0
12
14
5
0
15
10
15
19
19
20
2
1
9
6
5
10
3
23
23
20
16
24
9
1
12
7
8
13
6
19
24
13
20
15
3
0
6
11
0
23
20
21
9
1
17
2
4
16
3
24
3
23
13
9
11
11
5
14
13
4
10
0
13
16
8
5
22
24
6
20
21
17
3
20
13
20
3
4
17
24
22
15
4
0
11
16
1
11
20
7
17
24
21
7
6
24
3
16
24
18
19
21
24
8
4
12
21
1
5
17
2
14
17
8
22
10
6
18
5
13
17
20
20
1
15
13
16
3
11
10
4
13
20
19
14
22
15
0
14
7
21
6
4
9
0
11
4
18
0
8
13
14
18
22
18
16
9
23
19
13
18
19
5
7
4
19
21
24
4
12
12
10
2
10
10
10
5
10
17
2
13
22
6
17
8
19
19
17
5
4
1
24
14
1
24
1
2
22
16
10
1
10
13
11
0
13
8
1
11
4
18
5
24
11
1
5
18
24
9
5
14
9
10
22
4
11
20
24
9
19
7
14
9
24
2
15
2
2
24
9
23
0
8
9
24
15
12
21
8
18
4
13
11
28
97
54
85
45
56
40
50
26
41
46
62
71
68
43
67
91
83
93
30
26
45
54
69
86
95
89
73
35
28
44
31
46
66
56
83
39
43
81
94
72
28
71
38
29
94
86
89
97
36
28
80
27
64
63
84
75
57
62
37
97
92
77
40
88
55
59
74
83
76
29
48
54
62
90
73
74
68
33
69
60
75
47
64
80
55
43
86
33
84
32
88
48
73
67
69
64
52
81
33
54
58
59
46
47
72
45
69
62
58
28
50
76
67
67
69
85
26
84
87
60
44
37
67
81
88
53
41
88
70
91
34
26
47
64
81
63
29
60
53
56
93
30
65
46
29
47
38
30
47
90
94
37
83
67
98
38
83
40
41
35
51
86
28
84
77
68
97
49
61
38
73
74
40
32
29
53
45
47
32
31
51
35
26
45
58
60
39
48
46
58
68
63
63
84
80
66
53
50
59
32
39
28
38
27
79
87
81
37
86
84
28
79
59
90
43
42
83
70
70
63
26
61
69
66
94
35
90
53
51
81
46
42
51
62
88
48
62
47
70
87
68
97
93
83
92
96
30
64
89