8
60
75.0
2
13
0
8
5
3
6
11
7
7
1
4
4
11
0
8
6
11
5
2
1
2
11
2
5
14
3
10
2
5
13
6
13
8
3
6
12
4
8
1
13
0
5
0
7
4
8
11
14
7
0
5
6
12
13
10
13
6
8
12
7
5
9
14
14
12
2
4
8
9
8
7
5
13
13
1
3
0
0
9
14
9
10
2
10
13
0
4
3
13
7
0
12
1
13
6
10
2
4
14
11
9
9
10
9
6
1
2
5
6
1
3
3
3
14
8
13
2
0
8
7
14
0
1
9
3
9
5
3
6
3
6
6
3
13
12
12
2
11
0
2
3
0
12
2
4
4
14
13
7
11
9
6
11
1
13
6
8
7
1
11
5
8
0
9
0
0
12
0
9
5
4
1
13
1
11
9
10
6
14
6
1
10
5
6
7
3
9
9
3
10
2
8
14
7
0
7
11
1
13
9
1
1
4
10
1
14
0
6
12
1
2
0
13
3
7
12
10
6
9
1
7
1
11
10
10
7
5
5
4
1
6
2
7
2
14
2
4
6
5
11
7
7
12
8
2
11
6
6
1
3
0
3
4
10
4
9
13
2
13
8
4
5
9
4
5
7
0
10
4
3
4
12
0
11
9
11
10
12
8
10
11
10
7
5
13
1
11
9
13
4
0
6
9
2
4
14
9
6
14
3
3
1
7
8
8
10
2
12
2
0
10
6
13
11
12
1
2
3
8
9
1
1
11
6
5
8
10
9
6
8
10
9
12
6
11
13
2
4
12
8
6
3
7
6
6
7
8
12
0
4
0
14
9
3
4
1
7
0
12
3
14
3
6
3
3
6
2
5
9
10
6
11
8
6
9
13
8
11
8
13
3
10
0
0
11
11
2
9
9
10
4
2
13
10
1
14
11
0
12
4
1
6
7
0
0
8
3
1
8
1
0
4
7
0
12
5
4
2
13
4
3
4
14
11
1
4
2
6
8
6
2
10
10
9
6
7
9
4
7
7
14
1
1
8
1
11
13
2
8
14
5
3
9
10
7
8
9
7
1
5
4
11
9
11
3
0
13
0
14
2
10
2
4
10
0
11
14
7
3
9
1
14
13
0
7
10
9
3
6
1
2
3
3
11
2
13
10
0
9
5
0
10
7
11
14
4
6
1
11
4
12
9
4
4
8
2
14
7
5
8
8
14
8
6
14
5
10
11
0
1
8
11
10
0
7
1
5
4
11
14
3
3
14
12
12
8
5
8
3
14
7
12
4
2
3
0
8
0
11
9
14
10
11
2
1
6
13
7
1
6
8
10
13
12
11
1
6
2
1
2
13
8
7
7
12
6
13
13
7
9
8
3
2
2
10
9
7
6
13
2
9
2
11
13
14
1
7
9
10
12
10
10
10
8
3
2
6
13
7
1
1
3
6
12
3
8
13
9
2
5
0
0
5
8
13
3
7
5
12
2
2
4
10
11
3
4
2
6
0
14
5
13
10
2
8
9
2
11
10
13
13
12
13
12
9
0
11
1
8
0
1
8
12
11
4
7
10
2
11
12
3
14
1
11
1
5
3
14
5
6
5
11
2
4
9
2
14
5
3
6
11
1
4
0
12
10
8
4
10
11
13
6
13
3
10
4
5
9
3
7
7
11
12
10
14
3
7
0
8
10
7
3
10
11
11
2
6
2
8
5
14
10
14
11
1
12
10
6
0
52
23
21
38
52
46
23
50
44
35
37
24
40
55
30
41
16
53
44
34
56
52
44
51
38
35
21
31
16
40
39
42
29
18
37
54
35
27
52
41
42
53
55
39
53
46
34
19
46
46
30
19
51
20
40
30
56
39
57
38
37
21
58
46
48
32
37
18
48
34
32
29
56
46
49
34
54
24
49
31
21
46
24
26
40
23
51
38
18
51
35
34
55
43
54
25
46
52
20
22
30
57
25
33
56
50
49
30
17
30
46
57
52
51
43
58
36
54
31
43
42
28
16
39
47
34
21
28
58
27
54
27
19
37
22
52
33
39
34
16
48
48
49
24
51
28
35
48
53
57
25
58
23
31
33
16
38
18
24
30
28
45
37
44
41
51
41
44
56
56
50
31
51
47
36
50
38
54
55
17
39
35
56
47
37
39
52
53
53
41
34
53
41
55
37
48
19
21
26
57
33
43
53
48
47
50
22
47
42
49
29
55
58
39
29
27
46
24
47
29
21
36
31
50
43
45
17
27
18
23
46
54
28
44
30
43
25
30
58
55
48
42
51
52
37
53
37
57
22
56